8,12,183,12,183,27,8,27
111,49,150,49,150,63,111,63
376,49,487,49,487,63,376,63
706,49,713,49,722,49,730,48,739,49,751,49,758,50,758,62,751,62,739,62,731,61,721,62,714,62,707,62
111,81,168,81,168,95,111,95
376,81,427,81,427,95,376,95
706,81,742,81,742,95,706,95
376,117,420,117,420,130,376,130
706,117,742,117,742,130,706,130
20,119,27,119,27,130,20,130
111,118,176,118,176,132,111,132
373,154,380,154,388,154,398,154,406,154,412,153,419,152,421,165,414,166,406,166,398,166,388,166,379,166,373,166
20,155,27,155,27,166,20,166
111,154,165,154,165,168,111,168
706,154,730,154,730,166,706,166
22,191,27,191,27,201,22,201
109,190,116,190,127,190,137,189,149,190,160,190,169,190,169,203,159,202,148,202,136,202,128,202,114,202,107,203
376,190,418,190,418,203,376,203
706,190,731,190,731,202,706,202
22,227,27,227,27,237,22,237
110,226,116,226,127,227,138,226,149,227,163,227,169,227,168,238,162,238,149,238,138,237,128,238,115,237,109,237
376,226,418,226,418,239,376,239
708,226,731,226,731,238,708,238
22,263,27,263,27,274,22,274
109,263,119,263,135,262,156,261,172,263,183,263,198,263,198,275,183,275,172,275,156,273,136,274,119,274,108,275
376,261,418,261,418,275,376,275
706,261,731,261,731,274,706,274
108,297,114,297,123,298,130,297,140,297,148,298,155,298,153,311,146,310,140,310,130,310,123,310,113,310,106,310
376,297,418,297,418,311,376,311
706,297,731,297,731,310,706,310
109,334,122,335,136,335,149,336,160,334,174,334,187,331,186,342,173,345,160,346,149,347,135,346,122,346,109,345
376,333,420,333,420,347,376,347
706,333,731,333,731,345,706,345
22,336,28,336,28,345,22,345
107,369,114,369,123,369,130,369,137,370,148,370,154,370,151,383,144,382,136,383,130,381,123,381,114,381,107,381
376,369,420,369,420,383,376,383
706,369,731,369,731,383,706,383
20,372,27,372,27,381,20,381
19,405,35,405,35,417,19,417
109,404,117,405,131,407,145,406,156,407,168,406,181,406,181,418,168,418,155,419,145,418,131,419,116,417,107,416
376,405,412,405,412,418,376,418
706,405,731,405,731,418,706,418
